grph 0.00 0.00 1.00 0.00 0.00
grph 0.75 0.01 1.00 5.00 0.91
grph 1.51 0.02 1.00 10.00 1.82
grph 2.26 0.03 1.00 15.00 2.73
grph 3.01 0.05 1.00 20.00 3.63
grph 3.77 0.07 1.00 25.00 4.55
grph 4.52 0.09 1.00 30.00 5.45
grph 5.27 0.12 1.00 35.00 6.36
grph 6.02 0.15 1.00 40.00 7.26
grph 6.77 0.19 1.00 45.00 8.17
grph 7.52 0.23 1.00 50.00 9.07
grph 8.26 0.27 1.00 55.00 9.97
grph 9.01 0.32 1.00 60.00 10.87
grph 9.75 0.37 1.00 65.00 11.77
grph 10.50 0.42 1.00 70.00 12.67
grph 11.24 0.48 1.00 75.00 13.57
grph 11.98 0.54 1.00 80.00 14.46
grph 12.71 0.61 1.00 85.00 15.34
grph 13.45 0.68 1.00 90.00 16.23
grph 14.18 0.75 1.00 95.00 17.12
grph 14.91 0.82 1.00 100.00 17.99
grph 15.64 0.90 1.00 105.00 18.88
grph 16.37 0.99 1.00 110.00 19.75
grph 17.09 1.08 1.00 115.00 20.63
grph 17.81 1.17 1.00 120.00 21.49
grph 18.53 1.26 1.00 125.00 22.37
grph 19.25 1.36 1.00 130.00 23.23
grph 19.96 1.46 1.00 135.00 24.09
grph 20.67 1.57 1.00 140.00 24.94
grph 21.37 1.67 1.00 145.00 25.79
grph 22.08 1.79 1.00 150.00 26.65
grph 22.78 1.90 1.00 155.00 27.50
grph 23.47 2.02 1.00 160.00 28.32
grph 24.16 2.14 1.00 165.00 29.16
grph 24.85 2.27 1.00 170.00 29.99
grph 25.53 2.40 1.00 175.00 30.82
grph 26.21 2.53 1.00 180.00 31.63
grph 26.89 2.67 1.00 185.00 32.46
grph 27.56 2.81 1.00 190.00 33.26
grph 28.23 2.95 1.00 195.00 34.08
grph 28.89 3.10 1.00 200.00 34.87
grph 29.55 3.25 1.00 205.00 35.67
grph 30.20 3.40 1.00 210.00 36.45
grph 30.85 3.55 1.00 215.00 37.24
grph 31.50 3.71 1.00 220.00 38.02
grph 32.14 3.87 1.00 225.00 38.80
grph 32.77 4.04 1.00 230.00 39.55
grph 33.40 4.21 1.00 235.00 40.32
grph 34.02 4.38 1.00 240.00 41.06
grph 34.64 4.56 1.00 245.00 41.82
grph 35.25 4.73 1.00 250.00 42.55
grph 35.86 4.91 1.00 255.00 43.29
grph 36.46 5.10 1.00 260.00 44.01
grph 37.06 5.28 1.00 265.00 44.74
grph 37.65 5.47 1.00 270.00 45.45
grph 38.23 5.67 1.00 275.00 46.16
grph 38.81 5.86 1.00 280.00 46.85
grph 39.38 6.06 1.00 285.00 47.55
grph 39.94 6.26 1.00 290.00 48.22
grph 40.50 6.47 1.00 295.00 48.90
grph 41.06 6.67 1.00 300.00 49.57
grph 41.60 6.88 1.00 305.00 50.23
grph 42.14 7.09 1.00 310.00 50.88
grph 42.68 7.31 1.00 315.00 51.54
grph 43.20 7.53 1.00 320.00 52.16
grph 43.72 7.75 1.00 325.00 52.79
grph 44.23 7.97 1.00 330.00 53.41
grph 44.74 8.19 1.00 335.00 54.03
grph 45.24 8.42 1.00 340.00 54.63
grph 45.73 8.65 1.00 345.00 55.23
grph 46.21 8.88 1.00 350.00 55.80
grph 46.69 9.12 1.00 355.00 56.39
grph 47.16 9.35 1.00 360.00 56.95
grph 47.62 9.59 1.00 365.00 57.51
grph 48.08 9.83 1.00 370.00 58.07
grph 48.52 10.08 1.00 375.00 58.60
grph 48.96 10.32 1.00 380.00 59.13
grph 49.40 10.57 1.00 385.00 59.67
grph 49.82 10.82 1.00 390.00 60.17
grph 50.24 11.07 1.00 395.00 60.69
grph 50.64 11.33 1.00 400.00 61.17
grph 51.04 11.59 1.00 405.00 61.66
grph 51.44 11.84 1.00 410.00 62.14
grph 51.82 12.10 1.00 415.00 62.60
grph 52.20 12.37 1.00 420.00 63.06
grph 52.56 12.63 1.00 425.00 63.50
grph 52.92 12.89 1.00 430.00 63.93
grph 53.27 13.16 1.00 435.00 64.36
grph 53.62 13.43 1.00 440.00 64.78
grph 53.95 13.70 1.00 445.00 65.19
grph 54.27 13.97 1.00 450.00 65.57
grph 54.59 14.25 1.00 455.00 65.97
grph 54.90 14.52 1.00 460.00 66.34
grph 55.20 14.80 1.00 465.00 66.71
grph 55.49 15.08 1.00 470.00 67.06
grph 55.77 15.36 1.00 475.00 67.40
grph 56.05 15.64 1.00 480.00 67.74
grph 56.31 15.92 1.00 485.00 68.06
grph 56.57 16.20 1.00 490.00 68.37
grph 56.81 16.49 1.00 495.00 68.67
grph 57.05 16.77 1.00 500.00 68.96
grph 57.28 17.06 1.00 505.00 69.25
grph 57.50 17.35 1.00 510.00 69.51
grph 57.71 17.64 1.00 515.00 69.77
grph 57.91 17.93 1.00 520.00 70.01
grph 58.10 18.22 1.00 525.00 70.25
grph 58.29 18.51 1.00 530.00 70.48
grph 58.46 18.80 1.00 535.00 70.69
grph 58.63 19.10 1.00 540.00 70.90
grph 58.78 19.39 1.00 545.00 71.09
grph 58.93 19.69 1.00 550.00 71.27
grph 59.07 19.98 1.00 555.00 71.44
grph 59.19 20.28 1.00 560.00 71.59
grph 59.31 20.57 1.00 565.00 71.74
grph 59.42 20.87 1.00 570.00 71.87
grph 59.52 21.17 1.00 575.00 72.00
grph 59.61 21.47 1.00 580.00 72.11
grph 59.69 21.77 1.00 585.00 72.22
grph 59.76 22.07 1.00 590.00 72.30
grph 59.83 22.37 1.00 595.00 72.40
grph 59.88 22.66 1.00 600.00 72.46
grph 59.92 22.96 1.00 605.00 72.51
grph 59.96 23.26 1.00 610.00 72.56
grph 59.98 23.56 0.00 615.00 72.60
grph 59.99 23.86 0.00 620.00 72.61
grph 60.00 24.16 0.00 625.00 72.63
grph 60.00 24.46 0.00 630.00 72.63
grph 59.98 24.76 0.00 635.00 72.62
grph 59.96 25.06 0.00 640.00 72.59
grph 59.93 25.36 0.00 645.00 72.57
grph 59.88 25.66 0.00 650.00 72.51
grph 59.83 25.96 0.00 655.00 72.46
grph 59.77 26.26 0.00 660.00 72.38
grph 59.70 26.56 0.00 665.00 72.31
grph 59.62 26.86 0.00 670.00 72.21
grph 59.53 27.15 0.00 675.00 72.12
grph 59.43 27.45 0.00 680.00 72.00
grph 59.33 27.75 0.00 685.00 71.89
grph 59.21 28.04 0.00 690.00 71.74
grph 59.08 28.34 0.00 695.00 71.60
grph 58.95 28.63 0.00 700.00 71.44
grph 58.80 28.93 0.00 705.00 71.27
grph 58.65 29.22 0.00 710.00 71.09
grph 58.48 29.51 0.00 715.00 70.90
grph 58.31 29.80 0.00 720.00 70.69
grph 58.13 30.09 0.00 725.00 70.49
grph 57.94 30.38 0.00 730.00 70.26
grph 57.74 30.67 -1.00 735.00 70.03
grph 57.53 30.96 -1.00 740.00 69.78
grph 57.31 31.24 -1.00 745.00 69.52
grph 57.08 31.53 -1.00 750.00 69.25
grph 56.84 31.81 -1.00 755.00 68.97
grph 56.60 32.09 -1.00 760.00 68.68
grph 56.34 32.37 -1.00 765.00 68.38
grph 56.08 32.65 -1.00 770.00 68.07
grph 55.81 32.93 -1.00 775.00 67.75
grph 55.53 33.21 -1.00 780.00 67.42
grph 55.24 33.48 -1.00 785.00 67.08
grph 54.94 33.76 -1.00 790.00 66.72
grph 54.63 34.03 -1.00 795.00 66.36
grph 54.32 34.30 -1.00 800.00 65.98
grph 53.99 34.57 -1.00 805.00 65.60
grph 53.66 34.84 -1.00 810.00 65.20
grph 53.32 35.10 -1.00 815.00 64.80
grph 52.97 35.37 -1.00 820.00 64.38
grph 52.61 35.63 -1.00 825.00 63.96
grph 52.24 35.89 -1.00 830.00 63.52
grph 51.87 36.15 -1.00 835.00 63.08
grph 51.48 36.41 -1.00 840.00 62.62
grph 51.09 36.66 -1.00 845.00 62.16
grph 50.69 36.91 -1.00 850.00 61.68
grph 50.29 37.16 -1.00 855.00 61.21
grph 49.87 37.41 -1.00 860.00 60.70
grph 49.45 37.66 0.00 865.00 60.21
grph 49.02 37.90 0.00 870.00 59.69
grph 48.58 38.14 0.00 875.00 59.18
grph 48.13 38.38 0.00 880.00 58.64
grph 47.68 38.62 0.00 885.00 58.11
grph 47.22 38.85 0.00 890.00 57.55
grph 46.75 39.09 0.00 895.00 57.00
grph 46.27 39.32 0.00 900.00 56.42
grph 45.79 39.54 0.00 905.00 55.86
grph 45.30 39.77 0.00 910.00 55.27
grph 44.80 39.99 0.00 915.00 54.68
grph 44.30 40.21 0.00 920.00 54.08
grph 43.79 40.43 0.00 925.00 53.48
grph 43.27 40.65 0.00 930.00 52.85
grph 42.74 40.86 0.00 935.00 52.23
grph 42.21 41.07 0.00 940.00 51.59
grph 41.67 41.27 0.00 945.00 50.95
grph 41.13 41.48 0.00 950.00 50.31
grph 40.57 41.68 0.00 955.00 49.64
grph 40.02 41.88 0.00 960.00 48.98
grph 39.45 42.08 0.00 965.00 48.31
grph 38.88 42.27 0.00 970.00 47.63
grph 38.30 42.46 0.00 975.00 46.94
grph 37.72 42.65 0.00 980.00 46.24
grph 37.13 42.83 0.00 985.00 45.55
grph 36.54 43.01 1.00 990.00 44.84
grph 35.94 43.19 1.00 995.00 44.13
grph 35.33 43.36 1.00 1000.00 43.40
grph 34.72 43.54 1.00 1005.00 42.67
grph 34.10 43.70 1.00 1010.00 41.93
grph 33.48 43.87 1.00 1015.00 41.20
grph 32.85 44.03 1.00 1020.00 40.44
grph 32.22 44.19 1.00 1025.00 39.69
grph 31.58 44.35 1.00 1030.00 38.93
grph 30.93 44.50 1.00 1035.00 38.16
grph 30.29 44.65 1.00 1040.00 37.39
grph 29.63 44.80 1.00 1045.00 36.61
grph 28.98 44.94 1.00 1050.00 35.83
grph 28.31 45.08 1.00 1055.00 35.03
grph 27.65 45.22 1.00 1060.00 34.24
grph 26.98 45.35 1.00 1065.00 33.45
grph 26.30 45.48 1.00 1070.00 32.63
grph 25.62 45.61 1.00 1075.00 31.82
grph 24.94 45.73 1.00 1080.00 31.01
grph 24.25 45.85 1.00 1085.00 30.19
grph 23.56 45.97 1.00 1090.00 29.36
grph 22.86 46.08 1.00 1095.00 28.53
grph 22.17 46.19 1.00 1100.00 27.70
grph 21.46 46.29 1.00 1105.00 26.86
grph 20.76 46.40 1.00 1110.00 26.02
grph 20.05 46.49 1.00 1115.00 25.18
grph 19.34 46.59 1.00 1120.00 24.33
grph 18.62 46.68 1.00 1125.00 23.47
grph 17.90 46.77 0.00 1130.00 22.61
grph 17.18 46.85 0.00 1135.00 21.76
grph 16.46 46.93 0.00 1140.00 20.89
grph 15.73 47.01 0.00 1145.00 20.03
grph 15.01 47.08 0.00 1150.00 19.16
grph 14.28 47.15 0.00 1155.00 18.30
grph 13.54 47.22 0.00 1160.00 17.41
grph 12.81 47.28 0.00 1165.00 16.54
grph 12.07 47.34 0.00 1170.00 15.65
grph 11.33 47.39 0.00 1175.00 14.78
grph 10.59 47.44 0.00 1180.00 13.89
grph 9.85 47.49 0.00 1185.00 13.01
grph 9.10 47.54 0.00 1190.00 12.11
grph 8.36 47.58 0.00 1195.00 11.23
grph 7.61 47.61 0.00 1200.00 10.33
grph 6.86 47.64 0.00 1205.00 9.44
grph 6.11 47.67 0.00 1210.00 8.54
grph 5.36 47.70 0.00 1215.00 7.65
grph 4.61 47.72 0.00 1220.00 6.75
grph 3.86 47.74 0.00 1225.00 5.86
grph 3.11 47.75 0.00 1230.00 4.96
grph 2.36 47.76 0.00 1235.00 4.07
grph 1.60 47.77 0.00 1240.00 3.16
grph 0.85 47.77 0.00 1245.00 2.27
grph 0.10 47.77 -1.00 1250.00 1.37
grph -0.66 47.76 -1.00 1255.00 0.47
grph -1.41 47.75 -1.00 1260.00 -0.43
grph -2.16 47.74 -1.00 1265.00 -1.32
grph -2.92 47.72 -1.00 1270.00 -2.23
grph -3.67 47.70 -1.00 1275.00 -3.12
grph -4.42 47.68 -1.00 1280.00 -4.02
grph -5.17 47.65 -1.00 1285.00 -4.91
grph -5.92 47.62 -1.00 1290.00 -5.81
grph -6.67 47.58 -1.00 1295.00 -6.70
grph -7.42 47.55 -1.00 1300.00 -7.60
grph -8.17 47.50 -1.00 1305.00 -8.49
grph -8.91 47.46 -1.00 1310.00 -9.38
grph -9.66 47.41 -1.00 1315.00 -10.27
grph -10.40 47.35 -1.00 1320.00 -11.16
grph -11.14 47.30 -1.00 1325.00 -12.04
grph -11.88 47.23 -1.00 1330.00 -12.93
grph -12.62 47.17 -1.00 1335.00 -13.80
grph -13.36 47.10 -1.00 1340.00 -14.69
grph -14.09 47.03 -1.00 1345.00 -15.56
grph -14.82 46.95 -1.00 1350.00 -16.43
grph -15.55 46.87 -1.00 1355.00 -17.30
grph -16.28 46.79 -1.00 1360.00 -18.18
grph -17.00 46.70 -1.00 1365.00 -19.03
grph -17.72 46.61 -1.00 1370.00 -19.89
grph -18.44 46.52 -1.00 1375.00 -20.75
grph -19.16 46.42 0.00 1380.00 -21.61
grph -19.87 46.32 0.00 1385.00 -22.45
grph -20.58 46.21 0.00 1390.00 -23.31
grph -21.29 46.11 0.00 1395.00 -24.15
grph -21.99 45.99 0.00 1400.00 -24.99
grph -22.69 45.88 0.00 1405.00 -25.82
grph -23.38 45.76 0.00 1410.00 -26.65
grph -24.08 45.64 0.00 1415.00 -27.48
grph -24.76 45.51 0.00 1420.00 -28.29
grph -25.45 45.38 0.00 1425.00 -29.11
grph -26.13 45.25 0.00 1430.00 -29.93
grph -26.80 45.12 0.00 1435.00 -30.72
grph -27.48 44.98 0.00 1440.00 -31.54
grph -28.14 44.83 0.00 1445.00 -32.32
grph -28.81 44.69 0.00 1450.00 -33.12
grph -29.47 44.54 0.00 1455.00 -33.90
grph -30.12 44.39 0.00 1460.00 -34.68
grph -30.77 44.23 0.00 1465.00 -35.45
grph -31.41 44.07 0.00 1470.00 -36.22
grph -32.05 43.91 0.00 1475.00 -36.98
grph -32.69 43.75 0.00 1480.00 -37.75
grph -33.32 43.58 0.00 1485.00 -38.49
grph -33.94 43.41 0.00 1490.00 -39.24
grph -34.56 43.23 0.00 1495.00 -39.97
grph -35.17 43.06 0.00 1500.00 -40.70
grph -35.78 42.88 1.00 1505.00 -41.43
grph -36.38 42.69 1.00 1510.00 -42.15
grph -36.98 42.51 1.00 1515.00 -42.86
grph -37.57 42.32 1.00 1520.00 -43.56
grph -38.16 42.12 1.00 1525.00 -44.26
grph -38.73 41.93 1.00 1530.00 -44.95
grph -39.31 41.73 1.00 1535.00 -45.63
grph -39.87 41.53 1.00 1540.00 -46.30
grph -40.43 41.33 1.00 1545.00 -46.97
grph -40.99 41.12 1.00 1550.00 -47.64
grph -41.53 40.91 1.00 1555.00 -48.28
grph -42.07 40.70 1.00 1560.00 -48.92
grph -42.61 40.49 1.00 1565.00 -49.56
grph -43.14 40.27 1.00 1570.00 -50.20
grph -43.66 40.05 1.00 1575.00 -50.81
grph -44.17 39.83 1.00 1580.00 -51.42
grph -44.68 39.60 1.00 1585.00 -52.03
grph -45.18 39.38 1.00 1590.00 -52.63
grph -45.67 39.15 1.00 1595.00 -53.20
grph -46.15 38.91 1.00 1600.00 -53.78
grph -46.63 38.68 1.00 1605.00 -54.35
grph -47.10 38.44 1.00 1610.00 -54.91
grph -47.56 38.20 1.00 1615.00 -55.45
grph -48.02 37.96 1.00 1620.00 -56.00
grph -48.47 37.72 1.00 1625.00 -56.53
grph -48.91 37.47 1.00 1630.00 -57.06
grph -49.34 37.23 1.00 1635.00 -57.57
grph -49.77 36.98 1.00 1640.00 -58.08
grph -50.18 36.72 0.00 1645.00 -58.57
grph -50.59 36.47 0.00 1650.00 -59.06
grph -50.99 36.21 0.00 1655.00 -59.53
grph -51.39 35.96 0.00 1660.00 -60.01
grph -51.77 35.70 0.00 1665.00 -60.45
grph -52.15 35.43 0.00 1670.00 -60.91
grph -52.52 35.17 0.00 1675.00 -61.34
grph -52.88 34.91 0.00 1680.00 -61.78
grph -53.23 34.64 0.00 1685.00 -62.19
grph -53.57 34.37 0.00 1690.00 -62.59
grph -53.91 34.10 0.00 1695.00 -62.99
grph -54.23 33.83 0.00 1700.00 -63.38
grph -54.55 33.55 0.00 1705.00 -63.75
grph -54.86 33.28 0.00 1710.00 -64.12
grph -55.16 33.00 0.00 1715.00 -64.47
grph -55.45 32.72 0.00 1720.00 -64.82
grph -55.74 32.45 0.00 1725.00 -65.16
grph -56.01 32.16 0.00 1730.00 -65.48
grph -56.28 31.88 0.00 1735.00 -65.80
grph -56.54 31.60 0.00 1740.00 -66.11
grph -56.78 31.31 0.00 1745.00 -66.39
grph -57.02 31.03 0.00 1750.00 -66.67
grph -57.25 30.74 0.00 1755.00 -66.94
grph -57.47 30.45 0.00 1760.00 -67.20
grph -57.68 30.17 -1.00 1765.00 -67.45
grph -57.89 29.88 -1.00 1770.00 -67.70
grph -58.08 29.58 -1.00 1775.00 -67.92
grph -58.27 29.29 -1.00 1780.00 -68.14
grph -58.44 29.00 -1.00 1785.00 -68.34
grph -58.61 28.71 -1.00 1790.00 -68.54
grph -58.76 28.41 -1.00 1795.00 -68.71
grph -58.91 28.12 -1.00 1800.00 -68.89
grph -59.05 27.82 -1.00 1805.00 -69.05
grph -59.18 27.53 -1.00 1810.00 -69.21
grph -59.30 27.23 -1.00 1815.00 -69.34
grph -59.41 26.93 -1.00 1820.00 -69.47
grph -59.51 26.63 -1.00 1825.00 -69.58
grph -59.60 26.34 -1.00 1830.00 -69.69
grph -59.68 26.04 -1.00 1835.00 -69.78
grph -59.76 25.74 -1.00 1840.00 -69.87
grph -59.82 25.44 -1.00 1845.00 -69.93
grph -59.87 25.14 -1.00 1850.00 -69.99
grph -59.92 24.84 -1.00 1855.00 -70.04
grph -59.95 24.54 -1.00 1860.00 -70.08
grph -59.98 24.24 -1.00 1865.00 -70.11
grph -59.99 23.94 -1.00 1870.00 -70.12
grph -60.00 23.64 -1.00 1875.00 -70.12
grph -60.00 23.34 -1.00 1880.00 -70.12
grph -59.98 23.04 -1.00 1885.00 -70.09
grph -59.96 22.74 -1.00 1890.00 -70.06
grph -59.93 22.44 0.00 1895.00 -70.02
grph -59.89 22.14 0.00 1900.00 -69.97
grph -59.84 21.84 0.00 1905.00 -69.90
grph -59.78 21.54 0.00 1910.00 -69.83
grph -59.71 21.25 0.00 1915.00 -69.73
grph -59.63 20.95 0.00 1920.00 -69.64
grph -59.55 20.65 0.00 1925.00 -69.53
grph -59.45 20.35 0.00 1930.00 -69.41
grph -59.34 20.06 0.00 1935.00 -69.27
grph -59.23 19.76 0.00 1940.00 -69.14
grph -59.10 19.47 0.00 1945.00 -68.97
grph -58.96 19.17 0.00 1950.00 -68.80
grph -58.82 18.88 0.00 1955.00 -68.62
grph -58.67 18.58 0.00 1960.00 -68.44
grph -58.51 18.29 0.00 1965.00 -68.24
grph -58.33 18.00 0.00 1970.00 -68.03
grph -58.15 17.71 0.00 1975.00 -67.80
grph -57.96 17.42 0.00 1980.00 -67.57
grph -57.76 17.13 0.00 1985.00 -67.32
grph -57.55 16.85 0.00 1990.00 -67.07
grph -57.34 16.56 0.00 1995.00 -66.81
grph -57.11 16.28 0.00 2000.00 -66.53
grph -56.87 15.99 0.00 2005.00 -66.23
grph -56.63 15.71 0.00 2010.00 -65.95
grph -56.38 15.43 0.00 2015.00 -65.64
grph -56.11 15.15 1.00 2020.00 -65.31
grph -55.84 14.87 1.00 2025.00 -64.98
grph -55.56 14.59 1.00 2030.00 -64.64
grph -55.27 14.32 1.00 2035.00 -64.28
grph -54.98 14.04 1.00 2040.00 -63.94
grph -54.67 13.77 1.00 2045.00 -63.55
grph -54.36 13.50 1.00 2050.00 -63.18
grph -54.03 13.23 1.00 2055.00 -62.78
grph -53.70 12.96 1.00 2060.00 -62.38
grph -53.36 12.70 1.00 2065.00 -61.96
grph -53.01 12.43 1.00 2070.00 -61.54
grph -52.65 12.17 1.00 2075.00 -61.10
grph -52.29 11.91 1.00 2080.00 -60.67
grph -51.92 11.65 1.00 2085.00 -60.21
grph -51.53 11.39 1.00 2090.00 -59.75
grph -51.14 11.14 1.00 2095.00 -59.27
grph -50.75 10.89 1.00 2100.00 -58.80
grph -50.34 10.64 1.00 2105.00 -58.30
grph -49.93 10.39 1.00 2110.00 -57.81
grph -49.50 10.14 1.00 2115.00 -57.28
grph -49.07 9.90 1.00 2120.00 -56.76
grph -48.64 9.65 1.00 2125.00 -56.24
grph -48.19 9.41 1.00 2130.00 -55.70
grph -47.74 9.18 1.00 2135.00 -55.15
grph -47.28 8.94 1.00 2140.00 -54.60
grph -46.81 8.71 1.00 2145.00 -54.02
grph -46.34 8.48 1.00 2150.00 -53.46
grph -45.85 8.25 1.00 2155.00 -52.86
grph -45.36 8.02 0.00 2160.00 -52.27
grph -44.87 7.80 0.00 2165.00 -51.67
grph -44.36 7.58 0.00 2170.00 -51.06
grph -43.85 7.36 0.00 2175.00 -50.44
grph -43.33 7.15 0.00 2180.00 -49.82
grph -42.81 6.93 0.00 2185.00 -49.18
grph -42.28 6.72 0.00 2190.00 -48.55
grph -41.74 6.52 0.00 2195.00 -47.89
grph -41.20 6.31 0.00 2200.00 -47.24
grph -40.64 6.11 0.00 2205.00 -46.56
grph -40.09 5.91 0.00 2210.00 -45.90
grph -39.52 5.72 0.00 2215.00 -45.20
grph -38.95 5.52 0.00 2220.00 -44.52
grph -38.38 5.33 0.00 2225.00 -43.83
grph -37.79 5.14 0.00 2230.00 -43.12
grph -37.21 4.96 0.00 2235.00 -42.41
grph -36.61 4.78 0.00 2240.00 -41.69
grph -36.01 4.60 0.00 2245.00 -40.96
grph -35.41 4.42 0.00 2250.00 -40.24
grph -34.79 4.25 0.00 2255.00 -39.49
grph -34.18 4.08 0.00 2260.00 -38.76
grph -33.56 3.92 0.00 2265.00 -38.00
grph -32.93 3.75 0.00 2270.00 -37.25
grph -32.30 3.59 0.00 2275.00 -36.48
grph -31.66 3.44 -1.00 2280.00 -35.71
grph -31.02 3.28 -1.00 2285.00 -34.93
grph -30.37 3.13 -1.00 2290.00 -34.15
grph -29.72 2.99 -1.00 2295.00 -33.36
grph -29.06 2.84 -1.00 2300.00 -32.57
grph -28.40 2.70 -1.00 2305.00 -31.77
grph -27.73 2.57 -1.00 2310.00 -30.97
grph -27.06 2.43 -1.00 2315.00 -30.15
grph -26.39 2.30 -1.00 2320.00 -29.35
grph -25.71 2.17 -1.00 2325.00 -28.52
grph -25.02 2.05 -1.00 2330.00 -27.69
grph -24.34 1.93 -1.00 2335.00 -26.87
grph -23.65 1.81 -1.00 2340.00 -26.04
grph -22.95 1.70 -1.00 2345.00 -25.19
grph -22.25 1.59 -1.00 2350.00 -24.35
grph -21.55 1.49 -1.00 2355.00 -23.50
grph -20.85 1.38 -1.00 2360.00 -22.66
grph -20.14 1.28 -1.00 2365.00 -21.80
grph -19.43 1.19 -1.00 2370.00 -20.95
grph -18.71 1.10 -1.00 2375.00 -20.07
grph -18.00 1.01 -1.00 2380.00 -19.22
grph -17.28 0.93 -1.00 2385.00 -18.35
grph -16.55 0.84 -1.00 2390.00 -17.47
grph -15.83 0.77 -1.00 2395.00 -16.60
grph -15.10 0.69 -1.00 2400.00 -15.72
grph -14.37 0.62 -1.00 2405.00 -14.83
grph -13.64 0.56 0.00 2410.00 -13.96
grph -12.90 0.49 0.00 2415.00 -13.06
grph -12.16 0.44 0.00 2420.00 -12.17
grph -11.42 0.38 0.00 2425.00 -11.27
grph -10.68 0.33 0.00 2430.00 -10.39
grph -9.94 0.28 0.00 2435.00 -9.49
grph -9.20 0.24 0.00 2440.00 -8.60
grph -8.45 0.20 0.00 2445.00 -7.69
grph -7.71 0.16 0.00 2450.00 -6.80
grph -6.96 0.13 0.00 2455.00 -5.89
grph -6.21 0.10 0.00 2460.00 -4.99
grph -5.46 0.07 0.00 2465.00 -4.08
grph -4.71 0.05 0.00 2470.00 -3.18
grph -3.96 0.03 0.00 2475.00 -2.27
grph -3.20 0.02 0.00 2480.00 -1.36
grph -2.45 0.01 0.00 2485.00 -0.45
grph -1.70 0.00 0.00 2490.00 0.45
grph -0.94 0.00 0.00 2495.00 1.37
grph -0.19 0.00 0.00 2500.00 2.27
grph 0.56 0.00 0.00 2505.00 3.18
grph 1.32 0.01 0.00 2510.00 4.09
grph 2.07 0.02 0.00 2515.00 5.00
grph 2.82 0.04 0.00 2520.00 5.90
grph 3.57 0.06 0.00 2525.00 6.81
grph 4.33 0.08 0.00 2530.00 7.73
grph 5.08 0.11 1.00 2535.00 8.64
grph 5.83 0.14 1.00 2540.00 9.54
grph 6.58 0.18 1.00 2545.00 10.45
grph 7.33 0.22 1.00 2550.00 11.35
grph 8.07 0.26 1.00 2555.00 12.24
grph 8.82 0.30 1.00 2560.00 13.14
grph 9.56 0.35 1.00 2565.00 14.04
grph 10.31 0.41 1.00 2570.00 14.94
grph 11.05 0.46 1.00 2575.00 15.84
grph 11.79 0.52 1.00 2580.00 16.73
grph 12.53 0.59 1.00 2585.00 17.63
grph 13.26 0.66 1.00 2590.00 18.50
grph 14.00 0.73 1.00 2595.00 19.40
grph 14.73 0.80 1.00 2600.00 20.28
grph 15.46 0.88 1.00 2605.00 21.16
grph 16.19 0.97 1.00 2610.00 22.04
grph 16.91 1.05 1.00 2615.00 22.91
grph 17.63 1.14 1.00 2620.00 23.78
grph 18.35 1.24 1.00 2625.00 24.65
grph 19.07 1.33 1.00 2630.00 25.51
grph 19.78 1.43 1.00 2635.00 26.38
grph 20.49 1.54 1.00 2640.00 27.23
grph 21.20 1.65 1.00 2645.00 28.09
grph 21.90 1.76 1.00 2650.00 28.93
grph 22.60 1.87 1.00 2655.00 29.78
grph 23.30 1.99 1.00 2660.00 30.62
grph 23.99 2.11 1.00 2665.00 31.46
grph 24.68 2.24 1.00 2670.00 32.29
grph 25.36 2.37 0.00 2675.00 33.11
grph 26.04 2.50 0.00 2680.00 33.93
grph 26.72 2.63 0.00 2685.00 34.75
grph 27.39 2.77 0.00 2690.00 35.56
grph 28.06 2.91 0.00 2695.00 36.37
grph 28.72 3.06 0.00 2700.00 37.16
grph 29.38 3.21 0.00 2705.00 37.97
grph 30.04 3.36 0.00 2710.00 38.76
grph 30.69 3.51 0.00 2715.00 39.55
grph 31.33 3.67 0.00 2720.00 40.32
grph 31.97 3.83 0.00 2725.00 41.09
grph 32.61 4.00 0.00 2730.00 41.86
grph 33.24 4.17 0.00 2735.00 42.63
grph 33.86 4.34 0.00 2740.00 43.37
grph 34.48 4.51 0.00 2745.00 44.13
grph 35.10 4.69 0.00 2750.00 44.87
grph 35.71 4.87 0.00 2755.00 45.61
grph 36.31 5.05 0.00 2760.00 46.33
grph 36.91 5.24 0.00 2765.00 47.06
grph 37.50 5.43 0.00 2770.00 47.77
grph 38.08 5.62 0.00 2775.00 48.48
grph 38.66 5.81 0.00 2780.00 49.17
grph 39.23 6.01 0.00 2785.00 49.87
grph 39.80 6.21 0.00 2790.00 50.55
grph 40.36 6.41 -1.00 2795.00 51.23
grph 40.92 6.62 -1.00 2800.00 51.90
grph 41.46 6.83 -1.00 2805.00 52.56
grph 42.01 7.04 -1.00 2810.00 53.22
grph 42.54 7.25 -1.00 2815.00 53.87
grph 43.07 7.47 -1.00 2820.00 54.50
grph 43.59 7.69 -1.00 2825.00 55.14
grph 44.10 7.91 -1.00 2830.00 55.75
grph 44.61 8.14 -1.00 2835.00 56.37
grph 45.11 8.36 -1.00 2840.00 56.97
grph 45.61 8.59 -1.00 2845.00 57.58
grph 46.09 8.82 -1.00 2850.00 58.16
grph 46.57 9.06 -1.00 2855.00 58.74
grph 47.04 9.29 -1.00 2860.00 59.31
grph 47.51 9.53 -1.00 2865.00 59.88
grph 47.96 9.77 -1.00 2870.00 60.42
grph 48.41 10.02 -1.00 2875.00 60.97
grph 48.85 10.26 -1.00 2880.00 61.50
grph 49.29 10.51 -1.00 2885.00 62.04
grph 49.71 10.76 -1.00 2890.00 62.54
grph 50.13 11.01 -1.00 2895.00 63.06
grph 50.54 11.26 -1.00 2900.00 63.55
grph 50.94 11.52 -1.00 2905.00 64.04
grph 51.34 11.78 -1.00 2910.00 64.52
grph 51.72 12.04 -1.00 2915.00 64.98
grph 52.10 12.30 -1.00 2920.00 65.44
grph 52.47 12.56 0.00 2925.00 65.89
grph 52.83 12.83 0.00 2930.00 66.33
grph 53.18 13.09 0.00 2935.00 66.76
grph 53.53 13.36 0.00 2940.00 67.18
grph 53.87 13.63 0.00 2945.00 67.59
grph 54.19 13.90 0.00 2950.00 67.98
grph 54.51 14.18 0.00 2955.00 68.37
grph 54.82 14.45 0.00 2960.00 68.74
grph 55.12 14.73 0.00 2965.00 69.11
grph 55.42 15.01 0.00 2970.00 69.47
grph 55.70 15.29 0.00 2975.00 69.82
grph 55.98 15.57 0.00 2980.00 70.16
grph 56.24 15.85 0.00 2985.00 70.48
grph 56.50 16.13 0.00 2990.00 70.79
grph 56.75 16.42 0.00 2995.00 71.10
grph 56.99 16.00 0.00 3000.00 71.39